00 00 00 00 E1 59 18 ED 
20 A8 2C 65 8A 82 DF 7E C4 7F F8 44 91 00 00 00 
01 48 6F 6C 79 41 6E 67 65 6D 6F 6E 20 00 00 00 
00 00 00 00 00 00 78 00 0A 00 00 00 0A 00 00 00 
0A 00 00 00 0A 00 00 00 16 00 00 00 00 00 00 00 
00 00 00 00 00 00 00 00 00 00 00 00 00 00 00 00 
00 00 00 00 8C 00 73 00 5F 00 4B 00 00 00 00 00 
00 00 00 00 00 00 00 00 00 00 00 00 0A 00 0A 00 
3C 00 00 00 00 00 00 00 00 00 00 00 00 00 00 00 
00 00 00 00 00 00 00 00 00 00 00 00 00 00 00 00 
00 00 00 00 00 00 00 00 00 00 00 00 00 00 00 00 
04 01 00 00 00 00 00 00 C8 0F 00 00 00 65 04 00 
00 65 04 00 E8 03 00 00 54 06 00 00 10 09 00 00 
00 00 00 00 00 00 00 00 00 00 00 00 00 00 00 00 
F4 01 00 00 C8 0F 00 00 00 65 04 00 00 65 04 00 
00 00 00 00 A0 86 01 00 00 00 00 00 00 00 00 00 
00 00 00 00 00 00 00 00 00 00 00 00 00 00 00 00 
75 00 00 00 1F 00 6E 00 01 01 05 00 32 00 02 00 
0A 00 00 00 76 00 00 00 24 00 82 00 02 01 05 00 
32 00 02 00 0A 00 00 00 00 00 00 00 00 00 00 00 
04 00 00 00 00 00 00 00 00 00 00 00 05 00 00 00 
00 00 00 00 01 00 00 00 00 00 00 00 00 00 00 00 
00 00 00 00 00 00 00 00 00 00 00 00 00 00 00 00 
00 00 00 00 00 00 00 00 00 00 00 00 00 00 00 00 
00 00 00 00 00 00 00 00 00 00 00 00 00 00 00 00 
00 00 00 00 00 00 00 00 00 00 00 00 00 00 00 00 
00 00 00 00 00 00 00 00 00 00 00 00 00 00 00 00 
00 00 00 00 00 00 00 00 00 00 00 00 00 00 00 00 
00 00 00 00 00 00 00 00 00 00 00 00 00 00 00 00 
00 00 00 00 00 00 00 00 00